000001
110101
010100
110101
101111
011110
111010
100010
000111
011111
001100
101111
100001
100011
101010
110000
110101
111010
111111
111111
111010
110101
110000
101010
100011
100001
101111
001100
011111
000111
100010
111010
011110
101111
110101
010100
110101
000001
000001
110101
010100
110101
101111
011110
111010
100010
000111
011111
001100
101111
100001
100011
101010
110000
110101
111010
111111
111111
111010
110101
110000
101010
100011
100001
101111
001100
011111
000111
100010
111010
011110
101111
110101
010100
110101
000001
