000000
000000
000001
100001
100010
100101
101011
000000
100100
010000
010100
001010
010100
110011
101011
111101
111111
100011
110001
011010
001110
011011
011110
000011
010100
111000
100110
111111
111100
110000
111110
001001
101111
011011
000111
011110
011000
010010
011111
000000
011001
110010
001100
111101
100011
111111
110001
111011
111010
110010
111111
101000
111111
000010
111101
001011
111010
010001
110110
010110
110011
011001
110000
011010
101101
011000
101011
010100
101000
001110
100110
001000
100100
000011
100001
000000
000000
000000
100001
000000
100100
000011
100110
001000
101000
001110
101011
010100
101101
011000
110000
011010
110011
011001
110110
010110
111010
010001
111101
001011
111111
000010
111111
101000
111010
110010
110001
111011
100011
111111
001100
111101
011001
110010
011111
000000
011000
010010
000111
011110
101111
011011
111110
001001
111100
110000
100110
111111
010100
111000
011110
000011
001110
011011
110001
011010
111111
100011
101011
111101
010100
110011
010100
001010
100100
010000
101011
000000
100010
100101
000001
100001
000000
000000
000001
000000
100010
000100
101011
100001
100100
110001
010100
101011
010100
010010
101011
011100
111111
000010
110001
111011
001110
111100
011110
100100
010100
010111
100110
011110
111100
001111
111110
101010
101111
111100
000111
111111
011000
110011
011111
000000
011001
010001
001100
011100
100011
011110
110001
011010
111010
010001
111111
000111
111111
100011
111101
101100
111010
110010
110110
110111
110011
111010
110000
111011
101101
111001
101011
110101
101000
101111
100110
101001
100100
100100
100001
100001
000000
000000
100001
100001
100100
100100
100110
101001
101000
101111
101011
110101
101101
111001
110000
111011
110011
111010
110110
110111
111010
110010
111101
101100
111111
100011
111111
000111
111010
010001
110001
011010
100011
011110
001100
011100
011001
010001
011111
000000
011000
110011
000111
111111
101111
111100
111110
101010
111100
001111
100110
011110
010100
010111
011110
100100
001110
111100
110001
111011
111111
000010
101011
011100
010100
010010
010100
101011
100100
110001
101011
100001
100010
000100
000001
000000
