000000
111110
111100
010100
100001
001110
010100
100100
110001
011000
011001
111101
100110
100001
100110
101101
110011
111000
111100
000000
111100
111000
110011
101101
100110
100001
100110
111101
011001
011000
110001
100100
010100
001110
100001
010100
111100
111110
000000
111110
111100
010100
100001
001110
010100
100100
110001
011000
011001
111101
100110
100001
100110
101101
110011
111000
111100
000000
111100
111000
110011
101101
100110
100001
100110
111101
011001
011000
110001
100100
010100
001110
100001
010100
111100
111110
