000000
111011
010000
101101
111101
011011
101000
110000
011011
010010
101110
100001
101110
000010
010001
011001
011000
001110
000011
000000
000011
001110
011000
011001
010001
000010
101110
100001
101110
010010
011011
110000
101000
011011
111101
101101
010000
111011
000000
000100
101111
010010
000010
100100
010111
001111
100100
101101
010001
011110
010001
111101
101110
100110
100111
110001
111100
000000
111100
110001
100111
100110
101110
111101
010001
011110
010001
101101
100100
001111
010111
100100
000010
010010
101111
000100
